0 -> 0
1 -> 300
2 -> 900
3 -> 1,800
4 -> 3,000
5 -> 4,500
6 -> 6,300
7 -> 8,400
8 -> 10,800
9 -> 13,500
10 -> 16,500
11 -> 19,800
12 -> 23,400
13 -> 27,300
14 -> 31,500
15 -> 36,000
16 -> 40,800
17 -> 45,900
18 -> 51,300
19 -> 57,000
20 -> 63,000
21 -> 69,300
22 -> 75,900
23 -> 82,800
24 -> 90,000
25 -> 97,500
26 -> 105,300
27 -> 113,400
28 -> 121,800
29 -> 130,500
30 -> 139,500
31 -> 148,800
32 -> 158,400
33 -> 168,300
34 -> 178,500
35 -> 189,000
36 -> 199,800
37 -> 210,900
38 -> 222,300
39 -> 234,000
40 -> 246,000
41 -> 258,300
42 -> 270,900
43 -> 283,800
44 -> 297,000
45 -> 310,500
46 -> 324,300
47 -> 338,400
48 -> 352,800
49 -> 367,500
50 -> 382,500
51 -> 397,800
52 -> 413,400
53 -> 429,300
54 -> 445,500
55 -> 462,000
56 -> 478,800
57 -> 495,900
58 -> 513,300
59 -> 531,000
60 -> 549,000
61 -> 567,300
62 -> 585,900
63 -> 604,800
64 -> 624,000
65 -> 643,500
66 -> 663,300
67 -> 683,400
68 -> 703,800
69 -> 724,500
70 -> 745,500
71 -> 766,800
72 -> 788,400
73 -> 810,300
74 -> 832,500
75 -> 855,000
76 -> 877,800
77 -> 900,900
78 -> 924,300
79 -> 948,000
80 -> 972,000
81 -> 996,300
82 -> 1,020,900
83 -> 1,045,800
84 -> 1,071,000
85 -> 1,096,500
86 -> 1,122,300
87 -> 1,148,400
88 -> 1,174,800
89 -> 1,201,500
90 -> 1,228,500
91 -> 1,255,800
92 -> 1,283,400
93 -> 1,311,300
94 -> 1,339,500
95 -> 1,368,000
96 -> 1,396,800
97 -> 1,425,900
98 -> 1,455,300
99 -> 1,485,000
100 -> 1,515,000
101 -> 1,545,300
102 -> 1,575,900
103 -> 1,606,800
104 -> 1,638,000
105 -> 1,669,500
106 -> 1,701,300
107 -> 1,733,400
108 -> 1,765,800
109 -> 1,798,500
110 -> 1,831,500
111 -> 1,864,800
112 -> 1,898,400
113 -> 1,932,300
114 -> 1,966,500
115 -> 2,001,000
116 -> 2,035,800
117 -> 2,070,900
118 -> 2,106,300
119 -> 2,142,000
120 -> 2,178,000
121 -> 2,214,300
122 -> 2,250,900
123 -> 2,287,800
124 -> 2,325,000
125 -> 2,362,500
126 -> 2,400,300
127 -> 2,438,400
128 -> 2,476,800
129 -> 2,515,500
130 -> 2,554,500
131 -> 2,593,800
132 -> 2,633,400
133 -> 2,673,300
134 -> 2,713,500
135 -> 2,754,000
136 -> 2,794,800
137 -> 2,835,900
138 -> 2,877,300
139 -> 2,919,000
140 -> 2,961,000
141 -> 3,003,300
142 -> 3,045,900
143 -> 3,088,800
144 -> 3,132,000
145 -> 3,175,500
146 -> 3,219,300
147 -> 3,263,400
148 -> 3,307,800
149 -> 3,352,500
150 -> 3,397,500
151 -> 3,442,800
152 -> 3,488,400
153 -> 3,534,300
154 -> 3,580,500
155 -> 3,627,000
156 -> 3,673,800
157 -> 3,720,900
158 -> 3,768,300
159 -> 3,816,000
160 -> 3,864,000
161 -> 3,912,300
162 -> 3,960,900
163 -> 4,009,800
164 -> 4,059,000
165 -> 4,108,500
166 -> 4,158,300
167 -> 4,208,400
168 -> 4,258,800
169 -> 4,309,500
170 -> 4,360,500
171 -> 4,411,800
172 -> 4,463,400
173 -> 4,515,300
174 -> 4,567,500
175 -> 4,620,000
176 -> 4,672,800
177 -> 4,725,900
178 -> 4,779,300
179 -> 4,833,000
180 -> 4,887,000
181 -> 4,941,300
182 -> 4,995,900
183 -> 5,050,800
184 -> 5,106,000
185 -> 5,161,500
186 -> 5,217,300
187 -> 5,273,400
188 -> 5,329,800
189 -> 5,386,500
190 -> 5,443,500
191 -> 5,500,800
192 -> 5,558,400
193 -> 5,616,300
194 -> 5,674,500
195 -> 5,733,000
196 -> 5,791,800
197 -> 5,850,900
198 -> 5,910,300
199 -> 5,970,000
200 -> 6,030,000
201 -> 6,090,300
202 -> 6,150,900
203 -> 6,211,800
204 -> 6,273,000
205 -> 6,334,500
206 -> 6,396,300
207 -> 6,458,400
208 -> 6,520,800
209 -> 6,583,500
210 -> 6,646,500
211 -> 6,709,800
212 -> 6,773,400
213 -> 6,837,300
214 -> 6,901,500
215 -> 6,966,000
216 -> 7,030,800
217 -> 7,095,900
218 -> 7,161,300
219 -> 7,227,000
220 -> 7,293,000
221 -> 7,359,300
222 -> 7,425,900
223 -> 7,492,800
224 -> 7,560,000
225 -> 7,627,500
226 -> 7,695,300
227 -> 7,763,400
228 -> 7,831,800
229 -> 7,900,500
230 -> 7,969,500
231 -> 8,038,800
232 -> 8,108,400
233 -> 8,178,300
234 -> 8,248,500
235 -> 8,319,000
236 -> 8,389,800
237 -> 8,460,900
238 -> 8,532,300
239 -> 8,604,000
240 -> 8,676,000
241 -> 8,748,300
242 -> 8,820,900
243 -> 8,893,800
244 -> 8,967,000
245 -> 9,040,500
246 -> 9,114,300
247 -> 9,188,400
248 -> 9,262,800
249 -> 9,337,500
250 -> 9,412,500
251 -> 9,487,800
252 -> 9,563,400
253 -> 9,639,300
254 -> 9,715,500
255 -> 9,792,000
256 -> 9,868,800
257 -> 9,945,900
258 -> 10,023,300
259 -> 10,101,000
260 -> 10,179,000
261 -> 10,257,300
262 -> 10,335,900
263 -> 10,414,800
264 -> 10,494,000
265 -> 10,573,500
266 -> 10,653,300
267 -> 10,733,400
268 -> 10,813,800
269 -> 10,894,500
270 -> 10,975,500
271 -> 11,056,800
272 -> 11,138,400
273 -> 11,220,300
274 -> 11,302,500
275 -> 11,385,000
276 -> 11,467,800
277 -> 11,550,900
278 -> 11,634,300
279 -> 11,718,000
280 -> 11,802,000
281 -> 11,886,300
282 -> 11,970,900
283 -> 12,055,800
284 -> 12,141,000
285 -> 12,226,500
286 -> 12,312,300
287 -> 12,398,400
288 -> 12,484,800
289 -> 12,571,500
290 -> 12,658,500
291 -> 12,745,800
292 -> 12,833,400
293 -> 12,921,300
294 -> 13,009,500
295 -> 13,098,000
296 -> 13,186,800
297 -> 13,275,900
298 -> 13,365,300
299 -> 13,455,000
300 -> 13,545,000
